-0.32559722219311454
0.204967508165898
-0.06426305639208632
-0.10869791516213322
-0.16306101860450448
-0.12843993786873048
0.12728213981924072
-0.2558668494239193
-0.5350767137331587
-0.05519694009846122
-0.2757036657269889
0.022647246095456246
-0.13392546963698596
0.4767009515777627
-0.22010706265428265
-0.2431515643115822
0.02542860913521735
-0.12425346985301415
-0.22866324922269843
-0.21906686934772726
-0.11534525660936265
-0.3701764975321066
-0.2022654226536688
-0.10989863757271985
-0.06591667961680585
-0.03703923207533698
-0.2905377682459057
-0.03519167270679091
-0.3137449621581276
0.03309174045255067
0.542529389806085
-0.23123014764154157
0.4577212762984046
-0.33566680199072724
0.0056368846023982875
-0.10182824091920915
-0.24944693186165418
-0.10866374304153112
0.005743536649120671
-0.13160609496351197
-0.02939492570500693
-0.14211475878287316
-0.036991970399016305
-0.16170701073758445
0.4504974616683799
-0.1908921726854318
-0.42018924948436176
0.45454248808664516
-0.21995943101874887
0.4044664394626475
0.47804333676113897
-0.19778987143839968
0.022011854482071016
-0.08708023294116757
-0.06147868223735063
-0.07608734407479233
-0.09903734626614427
-0.19060674015548032
-0.27519135038301046
-0.23070348483673392
-0.15858590930423183
0.3892927881260362
-0.1919636733328077
-0.1453754579983427
0.35896419903849525
-0.029850659246748693
6.783548172424823
0.02655279668984138
-0.21274239466496797
-0.5534118432858193
-0.006136975471299273
-0.16197908625606985
-0.16859955725668424
-0.08481672280543423
-0.19705603042886277
0.7816538528302099
-0.14404250114069897
-0.17256922795730856
-0.09110522097183792
-0.043422220337146905
-0.28106456364460547
-0.08522410479151084
-0.10186207248411272
-0.30812970268574885
-0.17007836442182148
-0.23028439368237583
0.027825520995764214
0.2199712292947835
0.15292941969843546
0.10951487768326959
-0.3240280846613974
0.04595378943298506
-0.01800686699594371
-0.13477135593050887
-0.18339822746790618
-0.21179777303260938
0.6217439027955967
-0.25685648879832984
-0.006814580684524022
-0.083694069247948
-0.04469637020787168
-0.18574814148952012
-0.19896515463955358
-0.053516868059016155
-0.33443525660229084
-0.13582170339860217
0.19294322322645704
-0.1601496091432644
-0.1841066200484695
-0.017958270252247915
-0.3640070210306565
-0.26803137023902585
-0.20518660793179277
-0.29151603676448273
0.11983217312693215
-0.1503892135084266
0.43687598417585033
-0.2036917758369749
-0.03951533429906115
0.17724280587937113
-0.03801331007176807
-0.24040658640934875
-0.39505015696155005
-0.25173209980282785
-0.30365559165412914
-0.20834954537082384
-0.19281033302676812
-0.22824393847436492
-0.13688870997619215
-0.31356294765016607
0.07119616825894484
-0.0959053247157982
-0.14567232945764594
-0.052584309595566266
-0.1794919791458117
0.08492843829487824
0.047578144003245906
-0.22113114987240895
-0.10836925325805284
-0.002538327224896727
0.09263644382856635
-0.1210220280806466
-0.10447597049090471
-0.1446208787519832
-0.11015495741925765
0.04878107064112798
-0.01048394634294055
0.032230219737757665
-0.10501668584804838
-0.32227535445615335
0.4988662121302434
0.16862893980685947
-0.2058665590246596
-0.30283075021527767
-0.18823669284451208
-0.19875175531333136
0.02167392922356561
-0.13153095864242287
0.11426299737739874
0.06346284729704908
-0.20245383474144077
-0.19498438917795027
-0.13075372412664954
-0.15550938972856632
0.009341281059234183
0.12953681951029436
0.6438787210593869
-0.14612164402932873
0.08882839570020963
-0.07793895107997542
-0.25622090704300005
-0.11549979822034726
0.13340509322120497
-0.19219233597288954
-0.09681143192659747
-0.2552789668729072
0.12321106443254479
-0.027509182222070463
-0.1332646424669985
-0.21825205320221552
-0.032440085504300345
-0.21345552369258966
-0.21589690252655472
-0.4472532102631253
0.08032842265217331
-0.30411056596003244
-0.11934292942516671
-0.21762138981091186
-0.10864432560435877
-0.24116716421855325
-0.1995468131191036
-0.2948893813485181
-0.22972435402147337
-0.14300710717235163
0.026589134425370736
0.019484299443207474
0.030780288071730638
-0.19701056222400437
-0.20635343812809903
-0.07493137329383921
-0.1909579437764934
-0.23650796018469056
-0.42454174957840085
-0.21032294248425276
-0.2081600767004496
-0.23097431643527752
-0.2370010993679536
-0.04238287072810985
0.014292022634016426
0.082967284519326
-0.1416593481451742
-0.10637699879676152
-0.06282908934277233
-0.2368910037724342
0.003203247140308652
-0.29452800417989
-0.0185336937286802
-0.1910320152301469
0.020719411805374347
-0.038510270502256846
-0.18893087105144288
0.2752157287289224
0.4044664394626475
0.07462531599837446
-0.03562121124359707
0.43687598417585033
-0.0722470177018641
-0.034743251168942516
0.021955171779974702
-0.08909032049815448
-0.292524111336007
0.5921994951492774
-0.16064227043444465
-0.2421877922541135
-0.11496695940351494
-0.15887334540043682
0.046678464513532456
-0.032980136280658025
-0.11755362045954929
-0.14370199121110205
0.3188989728107113
-0.13557918053563375
-0.15402505045921822
-0.12402308979329199
0.18863041757218024
0.08785312030182031
-0.19906807191811232
-0.17101737335161207
-0.15259974707479232
0.0599120261454369
-0.26315701865330915
0.20447994881002682
-0.10181189403692945
-0.18710490022675283
-0.19123073230611395
0.058700220859776636
0.318832539843751
-0.27683910014587476
-0.3444947400508266
-0.020833543986674995
-0.14582668552287137
-0.1537361795028099
0.194127705568659
-0.18772716354011545
0.1385380690412698
-0.15049951446314813
0.06750765555473058
-0.0832286766669037
-0.053169020375636415
0.031149340525990003
-0.07888519368138655
-0.10477490830195262
-0.13212168283815848
-0.17020857546281692
-0.08713638375273242
-0.018108849958062015
0.013653733132826962
0.0511724768780933
-0.03639298374365874
0.009305405780942935
-0.21828979257327485
0.015849404242563113
-0.13063708788205036
-0.22605540301936497
0.2346306619081019
0.30699188545653827
-0.10113499722198857
-0.06843967648990636
-0.35128953772718857
0.22031297168787087
0.12325204346706517
-0.16060888391223369
-0.12703935334210711
-0.08336692176167523
-0.2069027084256894
0.05574020238803241
-0.025410277262511414
-0.14260956865633423
0.0983810918360683
-0.07684570846415871
0.2701755623271565
-0.17346636377390745
-0.05785632813713948
0.1611350397363332
-0.21551383166827345
0.0538105694052381
-0.17537724820421977
0.03963366580438058
-0.03274829644201913
-0.0466538566330127
-0.12226287709878021
-0.2597400475102922
-0.14311441584730059
0.4669580014864819
-0.05150253198276852
-0.15583793310933874
0.10023707693434278
-0.07349111099600666
0.19402353696051663
0.05278092724249218
-0.11608327939625784
-0.18835233351561234
-0.06579749094301311
0.06530547282424815
-0.17065323051843717
-0.08813740561050465
-0.1005542773486726
-0.17747053575594113
-0.17827294884866132
-0.023451336501188195
-0.19665552818993248
-0.1350227781374678
-0.32457312069965677
-0.06973384698186114
-0.05959977379251377
0.04859708879168922
-0.2772223614421364
-0.17793537517054334
-0.2965693236836626
-0.058647966513574394
0.1465296393800759
-0.1063941777830683
0.13199322454416104
-0.08404119181884431
0.13343193567773243
-0.15764590586808802
-0.002750085791745357
-0.01749369557130572
0.0399170683159962
-0.1457622412715481
-0.14626714422130782
-0.2960937966121854
-0.23883032554776407
-0.29865987343938327
-0.2565494853849846
-0.16994440393421234
-0.026022356033768335
-0.06597266842007107
-0.17466552471195929
-0.2626839172240064
-0.04200847862920847
-0.04896437433347611
-0.18481296557185398
-0.16142549193420083
-0.10032065408047029
-0.08412053962767685
-0.09609462318220034
-0.10210691368839488
-0.1542076471913674
-0.1350134689506923
0.007829207679027839
-0.08924013265938799
-0.22086455160122628
0.05077111583987532
-0.09859668260632987
0.005322058053330767
-0.1323969128273411
-0.18098703428598542
0.003813102948815669
0.056410540907489856
-0.08691034837561237
0.06355148363913818
0.05514091226941684
0.026746660947406502
-0.5248114772834315
-0.009084179090922106
-0.020994905700871213
-0.09506806634312612
-0.39778964429068675
-0.2970359046288018
-0.13495586896779665
-0.039848625525359366
-0.11546903439461532
-0.2527784849204988
-0.09560878660456441
-0.10088729398565938
0.1161865193436414
-0.0922864873729735
-0.14999674789380657
-0.21944093748221236
-0.1823283243157423
-0.17804124370157592
-0.07357686724770775
0.018052838134794785
-0.18387462935689075
-0.33481109885707167
-0.302943772296743
-0.21719078873594444
-0.0853802907164606
-0.16765026073915418
-0.0726013660387869
-0.29515932270337975
0.02068454829962139
-0.25728097730269883
0.06533166543122942
-0.0726773845417888
-0.12414373456718389
0.04672808063041714
0.009174800099441415
-0.1173251629723455
-0.24811615270507426
-0.04058094659638869
-0.06786077140545431
-0.20343629243334005
-0.13929546373221638
-0.23439732098981594
0.08519076859220319
-0.44692926798562904
-0.008994408887000399
0.032967409835073215
0.04595950587629127
-0.05801416192568996
-0.04385246940224652
0.05163098345118138
0.01679944254351535
-0.08918450534917395
0.10593710810958507
-0.10682173203800151
0.08489154399853129
-0.23325781216139016
-0.1319008993509894
0.07408274877353774
-0.07489449013496896
-0.2534787295899392
-0.12022755643399465
0.02805654120666196
-0.17176995496415537
-0.12015118721588532
-0.18520384501741513
-0.0009740494473553553
-0.2026750784786398
-0.12510538045271824
-0.13085222371601135
-0.09161163485023309
0.48633064958625444
-0.08255792513925571
-0.02919681898916801
0.21289233472572583
-0.1078785895473573
0.12520803929561503
0.0007789423139461377
-0.30061714739923273
-0.3874549504757967
-0.05334067788258258
-0.1415923323581702
0.021157950675601313
-0.11926220149039046
-0.024370884615054225
-0.2206226745216166
-0.054371846842281205
0.003196766480039293
-0.022089621136783207
-0.10784563583625019
-0.010858261465548278
-0.10631410209608878
0.02323188228014926
-0.24660010333553525
-0.06923563098243295
-0.04075039454164273
0.0432900216769771
-0.17724321032575643
-0.08963886250650652
0.2171852329975121
-0.14844742603826008
-0.11551997460440064
0.21935882434809723
0.5612250963546901
0.12799894243583088
-0.14969277605631268
-0.20933670987873895
-0.17173852714490018
-0.2533272347516069
-0.22805503821043208
-0.5634400929052642
-0.2389854549274796
0.09966728592799039
-0.1653803250049212
0.0850837624024367
-0.1543220706282993
-0.2027831425445782
-0.16103485789887062
-0.21885536257214316
-0.1757016495232878
-0.1125729964902682
-0.1614083354256059
-0.07258521349695811
-0.16630098372300398
0.03137172624456536
-0.030668379220243413
-0.039069772406916954
-0.1807777256228546
-0.2768162898831708
-0.32462225900534164
-0.12324085785209091
-0.06467993814471677
-0.23879517609555284
-0.1437210806845063
0.10203475020575362
-0.25788103116744876
-0.23354890878622103
0.0825393974609493
0.09757991248526897
-0.3403878231000168
0.02073317136622022
-0.07736591968441914
-0.09171182653663523
-0.20854922693430972
-0.0673868305029446
-0.16850004538095958
-0.0036279445916531285
-0.036133656070101085
-0.07160257731139699
-0.13291994991876577
-0.1803472005878765
0.3826435472321159
0.004439134556547813
-0.5609905727628115
0.060859152783726084
-0.6824018684883425
0.45627849232628187
0.2325958268676435
0.4978798514065576
-0.033141196475748286
0.4116702202469487
-0.24152400411322758
-0.09102379935315302
-0.21514798437841845
-0.08691304540264418
-0.1487508659364552
-0.06079416724164583
-0.05163618634041115
0.1527724422561138
-0.008320975141649293
-0.24117589630686836
-0.10592617465925787
-0.04654035911291912
-0.04479186486253621
-0.20569508857961702
-0.36065930272941493
-0.20379040986757754
-0.31665577626566116
-0.29665818089458074
-0.08730962454565495
-0.05425535606250891
-0.13479274997340776
-0.0623933259963475
-0.06551065301181538
-0.09342072167735499
-0.12895125732223017
-0.03249027845513315
-0.18440290459233896
-0.2427483258694583
-0.08945027605995817
-0.056299136112335675
-0.20125139029907363
-0.21449595512009423
-0.20435352765205506
-0.20026429414486313
0.41976362813074486
-0.016990699492578743
0.4680217282639145
0.44082049892309244
0.24084922902312794
0.45790911676011403
-0.37925246644651306
0.2179647862437734
-0.4229712069456976
-0.1502798598302826
0.004461526009170108
-0.14375431303919747
-0.03589786124809207
-0.0917640920117533
-0.3649709878075607
0.5874388663859123
0.22124377708925677
-0.19347935532090205
0.04059787646384945
0.043352840926246035
-0.05245415462367839
-0.26477259744641773
-0.17921766040030096
-0.17528987848484562
-0.10159803982951864
0.23115357881253282
-0.14782948193088788
-0.20997579717128922
-0.013209604292673602
-0.04693336806334504
-0.31654484933167515
-0.15628215706095996
-0.45812180280362547
-0.19242624760952545
0.5333299591135703
-0.17685504145247266
-0.10143756502476184
-0.0813768637466216
0.029291535812790478
-0.10725242000372899
-0.009994285102079843
-0.2218262613320915
-0.20226673593289735
-0.17610619385573856
-0.2552233505894072
-0.15308254955459583
-0.04772224048951535
-0.08447521223351806
-0.1994343075240241
-0.13618844555767498
-0.16917832192562293
0.44707998629323586
-0.15582449334996026
-0.07928819277317331
-0.13180351721742797
-0.18794860311811862
0.18608717825257057
-0.020023439142495176
-0.04450937107024378
-0.04847267652544214
-0.03558218562039764
-0.24332059863942967
-0.14520514614829905
-0.17635657961684173
-0.12860883290674285
0.6017350512343878
-0.14498321442036127
-0.22388866864536908
-0.10072140177910564
-0.09636428433315332
-0.08628482287504231
0.5180500585183107
-0.04971994100155767
0.08557410307576319
0.2772005575393954
0.13190166603541928
0.06892514170704031
-0.27690484059272874
-0.054100958853097236
0.08737900255404916
-0.0837266785466617
-0.1521908730161426
0.04190411557820674
-0.14178876781949967
-0.26256280345000493
-0.047102955075901204
-0.16947116117448147
-0.28740908244731905
-0.199715255711803
-0.1748987740769334
-0.15252358978218508
0.16887750017829004
0.3094061677682444
-0.017853251604655562
-0.12001297806113638
-0.03250101639836367
-0.11156835439786238
0.11482901506953982
-0.11620310286515129
-0.34399787352037586
-0.12061022378238223
0.6306056742367844
-0.20404319501291238
-0.04734375527929001
-0.017290326982086313
-0.08031114452399116
-0.17268968825968253
-0.2193557266330719
0.16770571372156898
-0.2803001482349621
0.10672689112378042
0.004310875331571099
0.050706369092028455
-0.005926223973151243
0.18814245621381093
-0.11231949249765791
-0.2660212017594271
0.18615018024471688
-0.02265930764560256
-0.2420838057249115
-0.25055128981332997
-0.05946250767912649
0.09156558477174426
0.011501736780562944
-0.07478377414938851
-0.3063743446690059
0.04287933239758226
-0.1898910136981582
-0.13955070581037504
0.0015865401286402703
-0.23123014780164294
0.031101309635222292
0.1129747756579635
-0.09280433249097926
-0.03786337561758357
-0.11111626266970318
-0.05199784238749911
-0.2255886953049433
-0.19992953681459527
0.1179046110272819
-0.30026225052897165
-0.1126220290628423
0.06472737527313009
0.08432426434389256
0.0783475049112718
-0.11337657516837425
-0.26951339683980036
-0.18182882163054842
-0.08989978876641856
0.09598565530427165
0.017646613070506495
-0.07569252692387358
-0.17603520304579293
-0.2728600785103785
-0.10099881484603672
0.12424866660208628
-0.18445807224861552
0.0032480658649567925
-0.23123014780164294
-0.14834286275186723
-0.099919673878476
-0.12418775686365432
-0.09159544380009045
-0.09875324356462581
-0.2626150253651383
0.19404457524263202
0.03142389327462453
-0.25722130938509646
-0.0982786115895646
-0.18102657303868766
-0.2628941140152426
-0.13610507867059535
0.08481259429995489
-0.17575177916174933
0.334514462475985
-0.2351340172562968
-0.13219136962285738
0.047475804891261394
0.10178577914486052
-0.043013055236908494
-0.026374494486660627
-0.16882808457610557
0.43687598417585033
-0.09891951170255837
0.07777891696818032
-0.21890618143075244
-0.05052833796007637
0.06264146343439392
-0.15171722432235682
-0.07583019477123899
-0.3622502247984624
-0.10967004143441636
-0.12350758262418574
-0.27573382337243185
-0.1342769327110788
-0.03539955584259001
-0.24891683464916314
-0.20690803057683205
-0.19827812080353474
-0.2062711849736591
-0.032990699364481006
-0.17669779637633062
0.054095206492072695
-0.053245915205739666
0.15524565119858022
0.12382425422116436
-0.1362224179726354
0.237767325228766
-0.07718516240452691
-0.1998897675136029
-0.20638465346494894
0.015191728612775419
0.2676950090001482
-0.03078801666016112
0.3229731786071604
0.0943721410522514
-0.10667349556529923
-0.06589546165233158
-0.02905255557462852
-0.21458291093486442
0.15621792708156904
0.46559453929058825
-0.031941423691022666
0.44877820932167617
-0.1062030420163757
-0.04215447000787881
-0.15125859324195254
-0.1183589251667698
0.04010596758246232
-0.09325563385198095
-0.2550695967141662
-0.1375379374183644
-0.17407642074956844
-0.010592174938202515
-0.17304624644667127
-0.1235137751819353
-0.2432637147448288
-0.008202671232169827
-0.24250304956940927
0.42153438555704936
0.4389447055746596
0.4635430237693021
-0.4107722839370211
-0.086768799319334
0.13773838336919403
-0.11382485835788769
0.3662252871926883
-0.005719447406579524
-0.2289608734733219
-0.17901517312393556
-0.44849369054519467
-0.3962806453905746
-0.23075321762981765
0.15447240760954853
-0.19586710033983856
-0.06273362143184935
-0.28342350441162745
0.32778108950063284
-0.053664057720970895
0.19857032982620462
0.13219769389769823
-0.2739830416503291
-0.2113005217243714
-0.17145099734935507
-0.23666195632477247
0.03715253363052272
-0.030098684445034198
-0.027626981417655773
-0.0663863384950549
-0.13017184536302923
-0.11732538193153982
0.27254921584376407
-0.174034962043324
-0.05727307680950209
-0.24611199537962722
-0.02276628246351447
0.08838225157001992
-0.20603634140563865
-0.12367958534809713
0.23276239903345972
0.2106956202119921
0.016140033771536808
-0.02038320666212932
0.0009949430756295379
0.24954864414672262
-0.11188149723918898
-0.13975032323410863
0.1271753908983141
-0.20381473242391007
-0.34176560283679136
-0.038001829141639056
-0.20724114862389978
0.02267735500393246
-0.19165725849071336
-0.2097929157461223
-0.15548997269685366
-0.26231987780596944
0.06959339769104808
-0.02606948948103975
0.0733557149509695
-0.020811036208317982
-0.1015716930598302
-0.02862992282127672
-0.21702718023914458
-0.23615618123114143
0.37767582693374985
-0.06572670989331345
-0.010672040836592215
-0.06910191533190754
0.02354200707217454
-0.1439464002417997
-0.15710254773796717
-0.33247816012803544
-0.12797986442479378
-0.0766614737784329
0.1091928959309775
0.019176488313453845
-0.2667178496284006
-0.19845245065238
-0.09870803268650973
0.026871206992316647
-0.15857632101340494
0.06130826180199154
0.17328686532132553
0.03262636621136514
0.13982818553168017
-0.1488352453475534
-0.18805057405814027
0.01821003423696274
-0.33854358558679815
0.10110507427290821
-0.015985678217329047
-0.019948474994730493
0.07679515890560207
-0.2530297506357747
0.024900314678776382
-0.0578116315257641
-0.04034395587435823
-0.2618996476508196
-0.1146012578833386
-0.35979851479661257
-0.07675684212808544
-0.13359065148229174
-0.03788558762353901
0.3346613482221727
0.4590181444988445
0.054067133784220435
0.11569120157305086
0.11870288455172018
0.18467961399848615
0.5181752424896893
-0.07035336765041783
-0.23352000410032805
-0.020581773953113166
-0.017305456443164578
-0.15713734909987898
0.01584096524254231
-0.057209504768478636
-0.09238387304694534
0.17682361848915495
-0.2612627064609942
-0.24746096033011306
0.03464659362309015
0.02612680394034958
0.14907810227677884
-0.00632764917534946
-0.08013398661067743
-0.07793788309512842
-0.33373865960062776
0.095864276744687
-0.0699282044905156
-0.27902853037956515
-0.17847146169652484
0.22534552848012734
-0.03322132665379235
0.012535663011496799
-0.2706355975086752
0.07924043092567519
-0.09213293678882677
0.01234357660844131
0.0563810906522276
0.14146088773443252
0.07744653914179382
0.030043752697192158
-0.29237203682734614
0.11000840115239015
-0.03662180799933555
-0.003805007840645187
-0.02453102059885227
-0.052934523913962715
-0.1620554556681619
-0.21158110338644348
0.011707188000779195
0.01264583228520495
0.0929203261774537
-0.1352191557868124
-0.10763049375375475
-0.12333088852508502
-0.19158962786666223
0.19597148551763738
-0.31741792276930947
-0.28746367879572315
-0.912341187126724
0.06780208489949735
-0.11382572958047497
0.5130290260208297
-0.0496451177423175
-0.0411014077098395
0.4026118542819789
-0.19642953088689707
-0.018788532296627282
-0.18997616688548893
-0.10470623527027759
0.22239092998914473
0.5190442045631513
-0.12101066895152283
-0.03797088834341905
0.07150297398311829
-0.0911953201223907
0.04228873757949849
-0.07546252342257902
-0.06258349560711271
-0.06808545952997928
0.31265171756037546
0.5178759717405701
-0.059738695678927665
-0.04476476365077702
-0.012833158854185258
-0.02089359236950631
0.06787438423590358
0.04923048851082633
0.08585080405854914
0.0017217826456716178
0.04015928902529578
-0.042728151721263055
-0.20189466642063358
-0.22123521764959975
-0.16655781498494304
-0.06080179589296746
-0.1292119251261989
-0.0822245277061751
0.29611419795206056
-0.11750966584099563
0.0056775723865095775
0.030716343017120663
0.00039726411555830667
-0.04043662889689281
0.0610345259502621
-0.0647978535756366
0.012407757777585258
-0.757850516007719
-0.12277898648245862
0.003517938788459709
-0.17992231642070008
-0.12501358941935165
0.20106962480620905
0.1158583773697528
0.07342460719491717
-0.12027742810225371
-0.38258540230805815
-0.2064866738796014
0.20766314560959875
0.103545458944283
0.0524882334885314
-0.29290544107230015
-0.2771774076399957
-0.22368930082079772
-0.15527339508352012
0.4753623069492279
0.7371690502740857
-0.005872448134096069
0.12768023425155298
-0.015645906325592148
-0.1426194904781964
-0.09343943864508633
-0.05540173159507457
0.068807057652232
-0.1337193271622196
-0.16685329440929156
-0.060211671248763476
-0.08736955542906062
-0.05355290353860375
-0.1405295239974121
0.10154900608054132
-0.16469829601913996
-0.1174905920278752
-0.008735841979247398
-0.1773643433742
-0.17239817309544608
-0.2867145457993136
-0.07594036344582478
-0.1905490839224647
-0.12367958531420223
0.12768023425155298
-0.26344709769094016
0.03390138477387802
0.024732507822300777
-0.21441489166724007
-0.13595406603668156
-0.12334628392502564
-0.16770830852494764
-0.0717045129509747
-0.16146250728428535
-0.06292872388770343
0.0062455752949343475
0.02857203948585123
0.33520043520679477
0.05255772086020896
-0.10651486583496146
-0.07750755280378781
-0.18884293501399432
0.023580518017144295
-0.08804018565011895
-0.18239383863227304
-0.0016225556378072453
-0.21263658574957287
-0.16506984635389046
0.04072521837268384
-0.07250080159281766
-0.12068283028852111
-0.12530145640597964
-0.02167979615568332
-0.20266507788175578
1.2033797748773323
0.184580351029141
-0.0765821519923802
0.01221288520002218
0.05754325018444961
-0.09622439083242566
0.3074863482283728
-0.05595834414143114
0.27096347867806464
-0.028530483963984103
0.23131173515585512
-0.009320678679292668
-0.04379335974549263
0.022896434167147282
-0.30598271353502066
-0.3254512007039947
-0.10562238782239267
-0.07446692528046679
-0.318896916580367
0.06993597536173277
0.5322240042182551
0.5014589656332613
0.17570754130573354
-0.14128340006685103
0.493438156371545
0.326116765974507
-0.040764801139647255
-0.24269007102879114
-0.13051926735019784
0.17444073256920234
0.006801328712515128
0.04057294253728384
-0.19501737650022855
-0.07736001549400087
0.0322148088964835
-0.06326424804973171
-0.15332344338935425
0.3721026703519213
-0.0590687047824443
0.10735652585012131
0.04140788410687818
-0.24167499105037493
-0.20145396735739488
-0.4221496179157033
-0.20833557946588854
-0.3008513506648183
-0.18811045275227944
0.3317706411247181
-0.24003987657275358
-0.07534929818383207
0.02894809703810639
0.4172718114143804
-0.13699841675041355
0.240628511760248
0.03766954596895932
-0.19193370152891212
-0.17651356057902992
-0.20583580072076452
-0.009545798902153759
0.03342870589446543
-0.1657425739151302
-0.18600483454682792
0.23636687589097616
0.11774876018495523
0.0070484350856945144
-0.03159309797185515
0.03839161142866348
-0.047568585568041936
-0.11672900758381813
-0.04798611450352271
-0.10889188651251586
0.06935347851016528
-0.12059127375926855
0.2336939463666305
-0.08158784871714352
-0.0919257024060943
0.07711320543824327
-0.06490813049715502
-0.2642087130059613
-0.01587237119807134
-0.0574445967950866
0.06761955690353302
-0.1510872071703682
0.027598958572578595
0.018196139853548624
-0.0030269904414522344
0.27592288223267214
-0.06439359128293409
-0.10258356959836623
-0.1867673478016361
-0.10814045078735476
-0.009344979172717992
-0.025216456212948973
0.31637191628255906
-0.37526080909302684
-0.30117119066483544
0.012628212506366546
-0.05584429408793063
-0.19618480328396892
-0.08587045244342423
-0.017804657122247027
-0.16947294197849969
-0.18224372911065617
-0.13771651129079912
-0.12367958531420223
0.06792374088012829
0.003246564102957061
0.02179760131152468
0.4292391487395545
0.44532288669922504
-0.07103082783074458
0.5284377863446811
0.001318109656927049
0.383915127932341
0.1748112588098939
0.04863538199722264
-0.02697583828307199
-0.02549701964247766
-0.17245441337058875
-0.0968027559159129
-0.18312834075870912
-0.12141804262613438
0.02696141925687907
-0.08256904973188277
0.02675146808572822
0.1941328289460178
-0.2087066418100249
-0.06918562517294542
-0.09979676496343584
0.006647195883490057
0.004511372068330972
0.07624592871827646
0.5040562258759036
0.5517938208362401
0.00404783128503792
-0.03253564805302874
-0.1509224960646871
0.1376431778290254
-0.17381486575368918
-0.050745905334124784
-0.13245562857932247
-0.18456577247219594
-0.1437353121549564
0.050848873873325776
-0.21602621130680688
-0.24317669214678572
-0.08082743316564217
-0.2922288645404035
-0.005634129914561754
-0.20703196803250634
-0.2165032670787946
-0.4127194894451311
0.10461792212876347
-0.033763155370738845
-0.18826192104136438
-0.12315453472908114
0.0041666591686414095
-0.14952444100168255
0.09706107465468729
0.10806419108087441
-0.08151339506807455
-0.14137875298049515
0.09593556993758437
0.023859814550566818
-0.1536726229518121
-0.17169106256145333
0.03803002000826062
-0.06457357238700377
-0.005893214900171076
-0.020241567523121305
-0.00532728309265365
-0.20920275423674567
0.01719199649903632
-0.03640625161519977
0.07819505383989499
0.0076475411373038826
-0.06818733470092032
0.2740942482615375
0.01703535282762448
0.03773264424355746
-0.1335543216563473
-0.03446921178842564
-0.14721285542661414
-0.14840783274817543
-0.16245325896350857
-0.15663717933203408
-0.169382700641224
-0.23275490012020453
0.0715632294970605
0.16252850753861128
-0.023548938863729538
0.22443121600834356
-0.3020570332580909
-0.017004257255372916
-0.0008109058163803203
-0.033790471708748715
0.17315049954305747
-0.19838466517349662
-0.07721343881471507
-0.19471088274406528
-0.03508542374150208
0.3675322253832264
-0.04309402475180356
0.140781561083309
0.02897823648980896
-0.04355386977132355
-0.13774256362121165
0.06795596339362511
-0.01560141772495791
0.03263390717462104
-0.06051160025330923
-0.038376343250845525
-0.18756383476403296
-0.13792861594087738
-0.06527971241078138
-0.031938902682535734
0.00448406007177884
-0.11382485835788769
0.0020193587590913403
-0.34770867760023966
-0.07591833285660429
-0.0023928193124938407
-0.1977838334221957
-0.28908420825962244
7.023499212805307e-06
-0.07713661877635741
-0.04382641421515903
0.09410870709269713
-0.13155229755953493
0.16035344126228357
-0.02686330437172521
-0.06460045261732242
0.17710181375018305
0.16240755183249375
-0.07622650645582542
0.05651362431973686
0.010587975547154899
-0.09138061605840088
-0.02260297108958689
-0.20062544860221246
-0.10006470964126395
-0.29337935266337445
-0.0969915631477401
0.215426392685023
0.28620420538669905
-0.06416037393578107
-0.21268511608428747
0.278167446811587
0.12987387394375058
0.197008703247354
0.008787631166445733
-0.025743477635333852
-0.11560444718372338
0.1890274057783478
0.13190279550831352
0.05112885585774003
-0.14238745257897872
0.07220008538790557
0.018537296436019642
-0.013785547486113624
-0.0061923420347460975
-0.07708102036238078
-0.02486202277802235
-0.017364140255025504
-0.2070881108399014
-0.1751754027903787
0.6062960804433176
0.611291354847749
0.0805786893249353
0.0964943563337239
0.04813587540188809
-0.18646562516629292
0.00897395725846953
-0.1826775351988871
-0.2777291823438625
-0.1183682298426471
0.40734670606390716
-0.14820963774644783
-0.10918374594115948
0.024987967854603457
-0.14139097089801508
-0.2650873801155325
-0.02707590036709845
-0.09481295914640518
0.14067495894437984
0.045292811505324854
-0.2607129965122476
-0.0418581886347909
0.07933737795770607
0.034496949230683624
-0.040183127093495946
0.03674551576532694
-0.17509580516214576
-0.14719025054056248
-0.058767903803910546
0.006728752076150463
-0.17098241268504283
-0.011801349111746759
-0.14609416817668136
-0.2692306563707721
0.16667898645987905
-0.07257438910156573
-0.008738375870152035
0.03439368472732932
-0.00829205452432959
0.1890864531012268
0.13382994964897107
-0.06705395679626476
-0.015519291276839528
-0.130496453913599
-0.24178166771689777
0.01141608202505953
0.19852863677045468
0.058666949706703574
0.30372991446146913
0.47939739489219174
-0.17165417974572145
-0.17576508651817768
-0.14832577631563865
0.6816474836406483
-0.13609402150409244
-0.024074553575758925
-0.1704111707111474
-0.017253592699825036
-0.04283358575165832
0.5446034871799202
-0.07693825339002439
0.14610074564513043
0.05154413159476042
-0.16296195737192884
0.03485497710163926
-0.17211589885948128
-0.0499676364538493
-0.01569175312680731
-0.25723178122909124
-0.20382331457208186
-0.18593309007754902
-0.11606963166386494
-0.10615210059349046
-0.21113830475778483
-0.0180669129952429
0.2385522509074171
-0.04575121644101341
-0.022898319764922917
0.26712986676523937
-0.010749444984582189
-0.04831510571340405
0.27202884972380875
-0.027502536232527058
-0.2930777170068084
-0.09515786466147176
-0.22903842937520996
0.15223643106689433
-0.16201503081127538
-0.03255511906997519
-0.018872082149222126
-0.12031995805334343
0.1800033549264851
-0.13602735838578842
0.05457348507860202
-0.23331369193338233
0.16478319082716456
0.050752449950845976
-0.1902190893370036
0.5029625757221573
0.03729653593391627
0.0803032069283906
-0.04463606503939686
-0.07644470330350019
-0.14306610970517936
-0.08333489269420036
-0.04740054409871735
0.04729351268720888
0.018520507416937917
0.4773279137342907
0.08963139795774813
-0.31836217929300287
-0.0744473144480395
-0.17080696514422966
0.10528345572272368
0.050197863803143276
0.03210613263249759
0.4322233289633216
-0.010572406245392092
-0.26141364924036253
0.20285885471330906
0.07875304530518466
-0.3317918985057845
0.060355024711196394
-0.28029147406566607
-0.007459481459413727
-0.0944772056297109
-0.26033351027718077
-0.10778614013692812
0.030438201401833058
0.6756406495443074
0.42302931049261283
0.07707439339175944
-0.2096848201959433
0.051268668433367734
-0.03846359937028598
-0.27611727312804424
0.1405351554843488
0.12596467659408714
0.07694635143467254
0.1245388610178071
0.05263825025869402
-0.01352997853814355
-0.2172136927108617
0.25492736079528966
-0.1413002028158401
-0.06927042282975764
0.15661337537225328
0.12193020786613502
0.09617991894467622
0.0014130893670086693
-0.22322315826893338
-0.22099941238050405
0.20689510237506273
-0.222356943653953
0.03791214220868627
-0.047765140620165375
-0.05670282545665414
-0.10248610798313838
0.06057355285173535
-0.06048126929721384
-0.036287833482712605
0.19548963255304852
-0.26498304585333043
0.009039169253776838
-0.08334362207152682
0.05424101418430803
-0.08807944329883037
0.23051902788355316
0.20270433207980743
-0.1829881480396355
0.33817487367919813
-0.3494017133641816
-0.04380790307992001
-0.14225316805595004
0.0010169500003117367
0.23883068921606534
-0.8493122884589958
0.07708679048623214
-0.028530196609217386
-0.24699481634875983
-0.11382485835788769
-0.07734693551188171
-0.011294923618536578
-0.08809634829488454
-0.17831917500028704
0.35814085636382537
0.06188805965077408
0.18072786455122894
-0.3024256459822604
0.11685614547633934
-0.0074605217756261175
-0.03983903443475985
-0.18756502003031622
-0.030798230725820667
-0.07177417425468004
0.03401303469864614
-0.09007278915537746
-0.24368260216324097
-0.05195723290471991
-0.1286546845919621
-0.1474975157440498
0.023640695106721194
-0.008767163638277722
-0.013890350144226113
-0.1498072642952519
-0.06533016778179906
0.004998636603500724
0.08128150112516264
0.03298722232910932
-0.017713165889854186
-0.08040137964454949
0.23596997943567571
-0.17977109666459112
-0.12277407215885357
0.05370974201774393
-0.206379400827825
-0.11231952429217595
0.4461145538772919
-0.17971790218472586
-0.05982536305452885
-0.026624354540457848
-0.1521678306243247
0.055696779266278716
-0.03903682699267417
-0.24209548220557434
-0.08542957719700389
-0.289514639889935
-0.07027672117166604
-0.021036524787629955
0.004808375859323393
0.13082894485697716
-0.045314859757073105
-0.04878972237662527
-0.37046030577986844
0.010566481161899248
0.007349382796067775
-0.07811365538217943
0.05813453412928938
-0.03745706822077328
-0.21735699062963412
-0.016025846484451572
-0.2169279010885423
-0.02978337932194893
-0.3340178805763241
0.026415546635574272
-0.13334142965325263
-0.16874566881865946
-0.1377239580820199
-0.15586899107354388
-0.15876488340582479
0.13875551200586936
-0.05211470760410205
-0.04001897603729684
-0.0022945907636425615
0.21298939887405594
0.0976988586690743
-0.2602106215798542
0.03793417993490796
-0.18218971244783988
0.06294900132067091
0.18095915056569645
-0.08124296954446167
-0.05001467140504072
-0.03229347663359962
0.009618240365487104
-0.03015838348179711
-0.11374816886395947
-0.3749203022658824
0.2933927588449855
-0.04377185843648396
-0.0915981223272502
-0.1981637289240209
-0.1490373584571688
0.44945281101693146
-0.22703018792104376
0.430335731676422
-0.003126230963162325
0.018421527457306533
-0.11303782134177136
0.014330863483063687
0.03477678623441873
0.4319750226163955
0.056081679491103376
-0.03847865063719398
0.21028116513312792
-0.12274330396643861
0.04105588097806892
-0.1447212983297128
-0.448060772574118
-0.25233876899833074
0.08133551652298776
-0.16642796985673722
-0.10991826386255506
0.11244080009715673
0.059367622072986785
-0.16007068179010622
-0.15099839645521304
-0.00929426997664504
0.4238062777043214
-0.023626205199832384
-0.07106603928559058
-0.22249989006208593
0.029315889096962134
-0.0541073709610528
0.10320216804388116
0.05028198650268611
0.0007747845387131595
0.0409982653938207
-0.09665560634083067
-0.3512273491658434
0.09165244434529446
0.046011091106137596
-0.08325105719874042
0.0018867038491580286
-0.18018213035986075
-0.1731521650312853
-0.24100861168869422
0.12027961705318468
-0.009722317888731992
0.19592305910150667
-0.13257565136160235
-0.09156352562291077
-0.17520230437009016
0.008688107393520885
-0.06715341133917907
0.0723125948963285
-0.012654746395182187
-0.09133637652033497
0.23573801825665938
0.037179897830067
-0.025171990047181084
-0.22715878313524807
0.11210661698971491
-0.42807053436387416
-0.282033455489082
-0.18441053652707254
-0.08749522755376932
-0.5274803920043895
0.00028346501200625927
0.20666126539452645
0.03263055130740071
0.0867989669280902
-0.2349111199729807
-0.17000930297356875
0.17651218478930986
-0.01837589179024609
-0.18241695203456285
-0.0005914044928256703
0.03720999087134519
-0.11174339650243126
-0.016703311476328857
-0.1502567741777643
0.010115209554495344
0.15848793827834498
-0.06158486898969246
-0.09412987681962527
-0.055218973751021264
-0.13945628061963408
-0.30478813524935056
-0.010670015327374037
-0.140750490338829
-0.02310708322341722
-0.015158830538659507
0.08413092807210722
0.022794470288393036
-0.13179923101276986
-0.21166977302134543
0.1122093062840428
0.5230705305297569
0.05751201451123898
0.020191210262565602
0.011194079680781118
-0.12598255377212894
-0.0024786635277402485
-0.1622822447641444
-0.16691141374332724
0.018580567493119
-0.068660028961744
0.030169086958781514
-0.06912599000493641
-0.18554284103263122
-0.06542195807305613
-0.0511209222449074
-0.0818621841919532
-0.029647102078048337
0.4459165841151024
-0.10029740876131461
-0.12449111807414842
0.016877727411248787
-0.06176813990462597
0.023115431730223856
-0.038464777797360065
-0.528695901367068
-0.17109822930046328
-0.11961790096928726
-0.04952802673792863
-0.10506841866380663
0.03224637341309287
-0.1367137925044359
-0.12033809511778597
-0.22729966011766567
-0.11818486547518499
0.010622789909700621
-0.0971758434961433
-0.09246175163612964
-0.1324634206015045
-0.060879051199161795
-0.276193820001832
-0.0518312574639505
0.037807183182990846
-0.21949736703988806
-0.22283309343706567
-0.06414765039670611
-0.06401238740985145
0.06652683601194492
-0.18754389997161963
-0.2001385564095809
-0.08350459904498524
0.051765631340564444
-0.004911092250158902
-0.14391349229146533
-0.07739110762679849
-0.1718914451288455
0.002608473180795066
-0.007536703731113725
-0.02535935762088037
-0.03869006193746982
-0.08808354577546762
-0.1022276128882769
-0.03734966710403315
-0.022202471975419476
0.2728158337828789
0.021967131541382717
-0.021353611131573365
-0.08531863880080104
-0.18074169885192842
-0.11495394808472452
0.17432247641443627
0.09895607439805477
-0.09328898407883253
0.13332670951945674
-0.061582886833773325
0.1771366630955172
0.004059322540623471
-0.08698458829211775
0.012334824535996596
-0.18554585173046254
-0.13945904619880103
-0.12328293927392667
-0.25032031605776073
-0.07224636084798551
-0.26737387256445394
0.023981549051185134
-0.12872970425022318
-0.26429792680228764
-0.0972501190243133
0.04537633911193333
-0.06498314814883055
-0.2020487074883256
-0.050066592404426596
-0.12261195957276111
-0.0803940270691211
-0.18573392640876188
0.16844725500589386
0.04182831951243815
-0.014609255411411608
0.001970061025095283
-0.17093831867423556
0.019671377946155907
0.06294539347500339
0.25092013095412996
-0.20932024019889275
-0.02814673981959713
-0.008773665696053848
-0.15687607298229547
-0.1214836474151857
0.01615221722619814
-0.0809313831142067
-0.13448221099909816
-0.098364770114684
-0.9266291516376547
-0.04172357454968729
0.07823741424856735
-0.13980051629592255
-0.18461755183352901
-0.14103967972524661
-0.05846049757751291
0.559843704447943
0.4642835254321171
-0.18589860818839465
-0.1759077112414368
-0.0248904183001389
-0.06227345409601324
-0.07822353954830442
-0.017325694062419746
0.054344725113568
0.003911648404930282
0.3621723644122067
-0.11462721575085072
0.07297000405053043
-0.08295342198432322
-0.17299496619539032
-0.22768330832964273
-0.11708318249284294
-0.16974170601922592
-0.06989881589381665
0.10603011303088287
-0.3060451475897262
-0.18545381113718148
-0.10143747586111179
0.12914564112958377
-0.11545024241361698
-0.12669267311767574
-0.21416920890862606
0.14603198744185955
-0.031289865233982556
-0.18877024720387672
-0.34887461150697796
-0.3584713188217028
-0.34615652945938974
-0.24250246047136806
0.10496313705715524
-0.1374256075299903
-0.08304393299005476
-0.21385791907259116
0.07756492516311372
-0.3265510156734596
-0.0779001235179405
-0.20495087847830862
-0.09210186520007148
-0.03873933761799924
0.08594863815560101
-0.23252921254991843
-0.17931083659316518
0.07545481029774433
-0.3653053965047167
-0.1430200623869621
0.38116567081435015
-0.08602239342339182
-0.1648166256130307
0.13884160007848972
-0.12605287621434727
-0.14515762745234426
-0.1394958311988041
0.06600428912750105
-0.17075686429326523
-0.10112516154063265
-0.2983610749280385
-0.12926796687059985
-0.39314411495470436
0.03999538694085551
-0.010564155123942364
0.07185976542054402
-0.29525912190568565
0.024314649686679023
-0.26897678011416243
-0.18498980902356496
-0.19581602119967717
-0.11877459687357446
-0.28196730575936507
-0.31589740537273586
-0.11193464035058616
-0.6675409931834427
0.14074143813966786
0.061020229761702405
-0.21317344221313514
-0.29503160222817265
-0.17415314947382204
-0.1353907249329511
0.0673739756663987
-0.24911741967102302
-0.07701836858813042
-0.2143447423377101
-0.01010265997682628
-0.3008409926672499
-0.21078195616658363
0.018715528858615476
0.3710159570683305
-0.10601779121130546
0.010129013179348367
-0.15415628231432413
-0.012491900256536393
-0.07804090252143943
0.08899196595880948
0.11352847600190355
-0.2717834926004005
-0.19443984831258398
-0.20491778425313664
0.04953088882605711
0.012054062889663255
-0.08339036042820135
-0.038214076461824446
-0.06635750115705379
-0.15866863370349854
0.0683789219681747
-0.07269428113684397
0.025159250616762968
-0.11049355724035212
-0.033026357060240416
-0.10756658092309729
-0.08087837077642594
-0.12958586356987864
-0.1720280294785716
-0.09425007350211285
0.030660432795549218
-0.07921865527175156
-0.1937107237208645
-0.4065407458939268
0.00411533744505564
0.4919076028965207
-0.2271509633318468
-0.14233696268300822
-0.12110844649368444
0.16979542765603925
-0.024635888795026522
-0.1494449226964624
-0.11117362361871713
0.1292958194339125
0.20236228626505448
-0.09904725908966484
0.060088618719677744
-0.1680475864389446
0.0504570736962398
-0.17432229073649355
-0.11488760696690636
-0.12896619344290433
-0.02156798353686721
0.1325092306921023
0.07098100136750746
-0.20986190027562324
-0.17811321218462578
0.190843593315581
-0.06613871914412947
0.17311941293264874
-0.09728461269864053
-0.14424895023914336
-0.19782795267993572
-0.08414680293129762
-0.1944250214309399
-0.12954281526124567
-0.08628559268440476
-0.24348597033885444
0.04413019974945753
0.18069085698826706
-0.16546998442079602
-0.25778927504832966
-0.2559534520217311
-0.12156585453355874
-0.1305739559356745
0.03587444421659267
-0.09901210224764743
-0.0669605778935245
-0.0938363397657816
0.015953882787163566
0.08131939103603543
-0.17223241322049487
-0.09775313574492893
-0.22515619931892827
-0.18731177340614255
-0.19403238302347248
-0.04208293664881542
0.011527413606276066
-0.18536010057032531
0.13530550036198233
0.036982733438427395
-0.10212993964796112
-0.08446654432000175
-0.2497460251718004
0.19733379633019743
0.031514406885192484
0.538537246821598
0.3273230074634145
0.005818033920894436
-0.1503053352258164
-0.20812020778853627
-0.2688298224073265
0.05509548152744292
-0.46953770753639534
-0.08971107724277622
0.02963020989765757
-0.07322995753905176
0.5358049310180649
-0.15852398080370905
0.019483276425578434
-0.20824096398958553
0.334742343565451
-0.17993191413077225
-0.10653812405842356
-0.21144558374155065
-0.17554008420560027
0.032066544002118294
-0.06162560402780273
-0.1386125040421898
0.21719373469172165
0.5205595411153631
0.5206238016646051
-0.07018035556723752
-0.2460124067475092
0.198955423066893
0.10625213694802099
0.0062596367549939335
-0.16539284034274332
-0.04659522275308696
0.20083300338951254
0.2478877341507482
-0.4065407458737521
-0.18195064776541672
-0.05730528503328098
0.5352165707315731
-0.2814601156805254
0.10559489518061574
-0.21779137350454644
0.03892378698180042
0.010989448822958587
-0.12654826631924093
-0.09671272049221534
-0.10654306343849543
-0.24137329573608035
-0.1856177513043046
0.17490924624133597
-0.09101252213757019
-0.21602758428918056
0.020274613335083024
0.1371822809845547
0.37566000690611634
-0.003966178844171673
-0.2511083405329176
-0.1579650234973524
-0.14799746746455186
-0.024385979452295734
0.08518477784773744
-0.054438327555887456
-0.030197459978822533
0.054338079187986346
-0.05400235767986069
-0.01806852383839256
0.06431832663616212
0.10317302912605164
0.25280898877265834
0.034097619034333046
-0.25601438942460175
0.02101747596759964
-0.102566593362736
-0.1135623491917472
0.04597480245627657
-0.030378766282814117
0.021027274980033
-0.14326701249888776
0.1331550605546116
-0.15583221025486554
0.04176395860187195
-0.24998664502844106
-0.34308959630131963
0.13820619113574797
-0.022722217631018022
-0.3619328075451766
0.14273401837991442
-0.17720585380401024
-0.0890012266946122
0.07650259098727008
-0.16991299226300619
0.17546732927490868
-0.1569218253299103
0.03724513587845693
0.38762243995606593
0.19061528063186764
-0.03599356039210564
-0.01310960798168701
-0.25999058995128105
-0.039000955097511135
0.05851020879124331
-0.15708455693631015
0.017168829127097128
0.31165103112516424
-0.008995915446903294
0.06012795642203754
-0.1114727464186929
-0.10979726241590947
0.18091311190334886
-0.10123973279400407
-0.6772396759307623
0.006822954454527533
-0.06576449176119072
-0.18303965458490387
0.2930242826155378
-0.20203176931882663
-0.11656882952529313
-1.0751789589056797
-0.07852259085743227
-0.07447061496749711
-0.14303693170478726
-0.0021779836487203965
-0.06118089930938797
-0.11508800995932057
-0.09172601270111165
-0.05111468464154231
0.08415638551627136
-0.053663751931886564
-0.22912613001885584
-0.08749912178793232
-0.15776643758647976
0.2438235544579582
0.06531390907263507
-0.14413853177947714
0.049598453609492534
0.07472446946481455
-0.009377524362563675
-0.0056503562452578406
0.022244482987443692
-0.29593920969324794
-0.22660227852962314
-0.11151545712271796
-0.15151655338656211
0.054816157150290964
-0.00856644619038902
-0.06563445517423916
-0.19959474168908029
0.21527892299188608
-0.06578795290680095
-0.1049546095610815
-0.0620313866513247
0.09783446527485899
0.10018849110949225
0.11508103210373455
0.16103062817807012
0.11142295186792056
-1.01120703756784
-0.01732036592003845
0.07948725931160412
-0.2193899891557432
0.056196120793630955
-0.13018323506145535
-0.08600529117143978
0.0075584630585635425
-0.28439981128023967
-0.04663580192903505
-0.1325964639251927
0.1641688954077143
0.12549580180088385
0.08023376044948992
-0.014580341751124234
-0.27737020061708484
-0.041772325008831546
-0.11303938263280368
0.19015243423567957
0.014489729942250163
0.0519876570264659
-0.24577531996349067
0.06298829435362253
0.09511936544247472
0.033858903907549504
0.09093296867045784
-0.23566791921438576
-0.03433895563598839
0.5692137786202949
-0.15389296597329777
-0.3862063351218086
-0.10368741096499899
0.03720897170703107
-0.02421369746526983
-0.2105517514747362
-0.18670937450170152
-0.007337785787349221
-0.2954036994995155
0.20751063989875
-0.23758281959926636
-0.31913458488228635
-0.19913291518414136
-0.09647254730195158
-0.16501753085396428
-0.14254921268980406
0.017771207326727198
-0.05306803326725252
0.3978145095101018
0.19587419882416843
-0.037949687846657636
0.10352999221502927
0.6131848815357787
0.2900104166504563
-0.05162821378186539
-0.11852166110216353
0.0007543831228056736
0.0791596137090619
-0.011204254337734934
0.046511782154635556
-0.1323813124969694
0.07562403556283757
-0.025173032252290305
-0.10070074042596866
-0.06827824775218365
-0.14929832323376294
-0.23121432753125903
-0.06882945937905698
-0.19552492580230826
0.02586508386167108
-0.10923847689006023
-0.06428024115009286
-0.06361404815690079
-0.2104539113510498
-0.11789745759955458
-0.16441994837518065
-0.1517788539767273
-0.021694721520533408
-0.062093334217946806
-0.06280557125021338
-0.11073605921355717
-0.18289366238700036
-0.196560767115243
-0.012760354670889934
0.6475102784406546
-0.25842878945888886
-0.19687719735964665
-0.13710967736621213
0.053512981488279605
-0.4581829250636847
0.0664880582262097
-0.25308532862942046
-0.14379421746619264
-0.24589216621528887
0.05078228332688565
-0.3819122896722065
-0.17704238062384509
0.2083135847188085
0.14744745056537886
0.04309974511016922
0.10526092733308084
-0.18620037877074644
-0.4506608737982866
-0.5561613224615033
0.19718471253878675
-0.07805782835184491
-0.20027985487603367
0.2775919277834453
0.2082929183691192
-0.027010083251612454
-0.012029525602500889
0.05895321136883677
-0.18979023385027446
-0.2526009171643975
-0.16807612434244468
-0.12410168693421836
0.41427162939259543
-0.1356592075266912
-0.0563929227454379
-0.2683375529575601
-0.01951518126998368
-0.2206723633109538
-0.0613437142573929
-0.09804897831889807
-0.015830570474068398
-0.15250133522844983
-0.08523567183265048
0.20643377016856404
-0.010434016548122118
-0.1761232928549211
-0.088746731571709
-0.14088765516140245
0.06680033441059617
-0.24004570944286965
-0.10123277995365411
-0.15157514439814038
-0.026104346912474145
-0.0351396841125264
0.016610405062670513
-0.018378656392127685
0.03078748663967926
-0.13057858149468632
-0.05125688981479563
-0.2819259560663963
-0.2045910623199252
-0.03420633563337838
-0.07912641602693744
0.17545955107352232
0.1837093678039561
-0.1126680008964126
0.057334859533321285
-0.051838408641185545
-0.22559761412085974
-0.1083140538296366
-0.12518400435871363
-0.05134008434421945
-0.06733888940584647
-0.235167708444394
0.09905594862466442
-0.18414398643265673
-0.16700781736443046
-0.09705487774874094
-0.11239571457896796
-0.48522815402919794
0.022284165395191204
-0.21029355626527083
-0.1274459605719979
-0.2607943593669981
-0.09823528942498712
-0.011636749444423554
-0.07232830606356418
-0.13386088409983468
0.07801028097048678
0.11494212058417994
-0.05509356898946975
0.005288134311038066
-0.21783159962491527
0.3544987823574862
-0.19785575254288024
0.5458230073760029
0.12527918464103743
-0.15634449653459004
-0.1220837442644681
-0.21690576833451872
-0.22583963460071477
-0.17015105879096082
-0.2755055449823842
0.12733471454129888
0.33776215447906777
-0.1226030703036574
-0.2051559922830433
-0.12840995421264292
-0.2050909683994227
-0.11988363970597649
-0.020877194356569033
-0.25504215788880386
-0.5599042535496327
-0.22409316927148953
-0.17830559233845603
0.1689387561887726
-0.1998308939343123
-0.03274379945778228
0.2357329216031214
0.3999192537269503
-0.08366416791478816
-0.2219933742783892
0.2614673519079729
0.16187173914086841
-0.335687814593582
-0.28375994553942596
0.08499858139946426
0.5091168883797306
0.0972181617075197
-0.11196085118028488
-0.324674232392734
0.12235318641544016
0.02273500644629039
-0.17440816252486369
-0.227865436753877
-0.13026535822482196
-0.21171252015547742
-0.09784117729563396
-0.09784117729563396
0.1593652261933472
-0.08623229514494124
-0.08927879331145358
0.039332482922097546
-0.2992656244325059
-0.0764951168046817
-0.15055029992070018
-0.2209855081434859
-0.04438549902611241
-0.009642791911514991
-0.2582896645369778
0.07869548795546326
0.11126433605595762
0.11216821985024787
-0.5862226390531969
-0.049344561452869994
0.05752034451417977
-0.014719011831162598
0.12751185679333352
-0.04138070665078939
-0.02475950870476585
0.07844043831048009
0.0655621508368328
0.034497187436789804
-0.24707928902308932
0.07737716531677243
-0.20822198908836195
-0.1163156530893868
-0.09850474014680866
-0.5087027607530686
-0.0639335950221346
-0.1937107237655669
0.09332220911326983
-0.24510059365622505
0.08667591040611405
0.0004020062076950403
-0.19058175732335642
0.007780722410782281
-0.2013403129765128
-0.06370513673335909
-0.1143592072148
-0.11217414870738669
-0.17638508791144808
-0.09351582523096222
-0.11340062286990747
-0.09169252349021739
-0.2783167906993091
-0.14613075576328322
-0.25289796161245265
-0.08980045259575943
0.04626357571478056
0.6857790023780239
0.1055536195618005
0.09087653617677575
-0.2561041754979077
0.08826232326901359
0.7289602556374999
-0.09049141951696488
-0.025213268331536486
-0.15038004139069014
-0.03980902160929627
-0.10548443720905441
-0.16360946707827984
-0.02472585782535088
0.28230416180574425
0.010135684667717597
0.08100297907269591
0.24270396784513273
0.006882394862677343
0.629914743839271
-0.22261486839900477
-0.11246653304588207
0.10351112022936453
-0.045297901990386295
0.3430664171348747
0.2679252802083872
-0.16675110534726786
-0.3165602730764885
0.1759114084636309
-0.12331863153531689
-0.22707410669357816
-0.1545540564718031
-0.09957511824623498
-0.2553412700127309
-0.1875966989584118
-0.20049538489100313
-0.2269958844608274
0.2147033694353644
-0.02584791134652144
-0.18063696041399693
-0.22793099054361088
-0.11506302514319747
-0.050396020574259875
0.08723915515772117
0.03214145708080341
-0.16039515424225714
0.03866539655503076
0.05396054854636116
-0.04618134572788382
-0.090699121887685
0.049231486247592396
-0.06426309350801455
-0.16579834960953074
-0.18344066771886666
-0.004614092990259469
-0.41290038469339024
0.0023562386415420253
-0.06929282237834498
-0.12212292017829803
-0.11337337370910351
-0.8978457134642688
-0.04933496298418041
0.12362274390868618
-0.4892043725790663
0.8306881788361501
0.12392525007780433
-0.04480301464939805
-0.1995469096595962
-0.1818708380151767
0.07776945964088465
-0.1722863537884869
-0.11935851544485741
0.07846615597360818
-0.5156960439669438
0.07306371609784279
-0.24273734586501805
0.08723815099777514
-0.0634302909907477
0.11597054485265675
0.10912499706431618
-0.051274533685501125
-0.12363559462512405
-0.05945126252632301
0.07279441258305955
-0.17661337086739876
-0.06095019942558393
0.07472066408362756
-0.051417369135887674
-0.2551751458872564
-0.0761054064782892
0.09954962695661723
0.2132148232504576
0.046432087700460783
-0.24411929501752477
-0.22137368019703044
0.23858958087917176
0.28315213630793695
-0.224146670179
-0.12992258376614257
-0.10769632053618561
0.04890036927342292
-0.06557348053078606
-0.16933143891528704
0.2135675886863886
-0.0887932137757833
-0.09014281714079034
-0.13469545323064347
-0.05898577399960626
-0.29321112804728566
-0.18170209909612972
-0.04645987520568939
-0.40560843802628105
0.0010650103089933304
-0.09868753360396142
-0.025665168154470622
0.10873321881744824
0.37636472624651407
-0.20950023177891164
-0.05477030336969674
0.10566045011773481
0.12719409753861782
0.06959964636364377
0.01828325579819899
-0.08226175829989606
-0.028050667553680957
-0.2179292907893774
0.07013348584622578
0.023574547973217758
0.12492067767883513
-0.20790947468714213
-0.016543386467770843
-0.25913705254106645
0.1939457929950001
0.1586448137226847
-0.316005484783893
-0.07919641003847282
-0.06067133557841784
0.10545479161222554
-0.1689219310558192
0.0258190254228953
0.26334748109379824
-0.05054587273453583
0.10142620051250228
-0.18810602411336377
0.05537418144721421
-0.16205638833469652
-0.10621889316672085
-0.23230039626020357
0.11281956229149101
1.0086500835065582
-0.24042896939721806
0.5230487938775613
0.01750083611368602
-0.0001271858370171349
-0.2615886701890165
-0.3483570795983902
0.1548789492870792
0.037483697113005164
-0.0005570154911565188
-0.2375030372116771
-0.19817634737095313
0.16772924995656954
0.016925694103641916
0.0673785270178876
-0.08833142385795974
-0.1112881417357276
-0.22628069191416567
0.004254628693706339
-0.060933707062915975
-0.1411286760361827
0.192820566782598
0.10945702574456073
0.17793946195375496
-0.007267869639331552
-0.027249769220817902
0.1809436930043033
0.06798793413497518
-0.25392254051880964
0.08581369795394289
0.1107958994954751
0.35509515307429285
0.3209791796002516
0.03824908540602779
0.16589590280898037
0.0005257957573154259
0.15474728158343204
-0.2662778707465295
0.18901446693773596
-0.01064917331135748
-0.2590043063578561
0.06530111757653909
0.41257212100609464
-0.11679536176211529
0.07607319860982878
-0.04950245292684944
-0.28614544291167815
-0.1848160960599841
-0.031036710314417806
0.05597504249486726
-0.025744737225017602
0.19783487600049937
-0.20324169621208674
-0.42500126304597263
0.033242399724968674
-0.2041144826570531
-0.22974114268957196
-0.47637237938888316
-0.1765512085996815
-0.03779010501693832
0.16173747139428601
-0.03154947349452284
-0.06595274069163468
0.09725655746599135
-0.26214334059233313
0.008072029394640672
-0.23277871080836965
-0.18751243691433575
-0.20013855640786563
-0.26658191830153205
-0.12048799387412269
-0.04713177399656865
-0.26765907380280696
-0.07250636582004953
-0.0006094823503817637
-0.03660327235213327
-0.11362737203553984
-0.08206238727248143
0.14151589730593858
-0.0689230109316397
-0.16245321863654585
-0.13778675721449823
0.0066368641451771595
-0.10627945193219226
-0.3012200342469068
-0.24469066262024494
0.6565569026158835
-0.25415111474856467
-0.3325288749190954
0.009646350549386836
0.1605047759730701
-0.003911768999426057
0.3416702296621994
-0.15785544794707884
